$ANSIBLE_VAULT;1.1;AES256
65343532616232633064623530353431653731656564303631633137663262323838333834316231
3664373766356366666134353635313439336164323737360a623564366638343061376433393633
35326135643935396130643263316235303930386437343738656333373436376262383338313839
6333616437666262630a323032653861386264343361326261666463626665343962613061343538
34366462366265363161633337666531626139376635346566613932393832613736653934313837
32646631366332346366626138303739313930363631653562636431663335643362333338396432
33663138363939356433643531663563643361393165303535363237336539363665613832363130
37346135326637383366303664633566626234393035633734646162613239393537376532306663
39323435343736313566363137353238653661613661343838363766343037396238356334633530
61623537386338343739633162646434323032613635313062613338636363616264323463653430
38633930373238656662316339333661363738343634363538373538663032383539623033313265
64663465373230646637306234393564323930373763653063346338383339306232363935373236
39636461323730333964346562333732333434333737333338613834363132633966343530643961
30656662623062613863316138643166613638326139336437333361633234663834383766376566
64386336656234366164633561336334633965343362383465353339343330373637636339366534
34313064633333666435336531633963396430613933643832636435633966663032613233656336
35363531653037653335363830306333386162333064376261373331303666613266656264346261
62396435333238366239386163323930393664663663353365616561313964353632613935373233
62636530663339646362626463373835363032613165633836636330366363326663373037376337
36353165363234386232393232636364336363383333626334633637363830303866303036306362
36613130346136663231383662396363343432333964616330383166613066313733343033316333
39396562653738646138633439623933343936323065323938646635353035303533393334373361
34356435303663333733663732373638313466646532323239343834323132353664613865346262
66316233346635313661
